     velsurf   thk_positive       thk_regu           glen
9999999.0000         0.0000   9999999.0000         6.5289
9999999.0000         0.0000   9999999.0000         6.5289
9999999.0000         0.0000   9999999.0000         6.5289
9999999.0000         0.0000   9999999.0000         6.5289
9999999.0000         0.0000   9999999.0000         6.5289
9999999.0000         0.0000   9999999.0000         6.5289
9999999.0000         0.0000   9999999.0000         6.5289
9999999.0000         0.0000   9999999.0000         6.5289
9999999.0000         0.0000   9999999.0000         6.5289
9999999.0000         0.0000   9999999.0000         1.1409
9999999.0000         0.0000   9999999.0000         1.1409
9999999.0000         0.0000   9999999.0000         1.1409
9999999.0000         0.0000   9999999.0000         1.1409
9999999.0000         0.0000   9999999.0000         1.1409
9999999.0000         0.0000   9999999.0000         1.1409
9999999.0000         0.0000   9999999.0000         1.1409
9999999.0000         0.0000   9999999.0000         1.1409
9999999.0000         0.0000   9999999.0000         1.1409
9999999.0000         0.0000   9999999.0000         1.1409
9999999.0000         0.0000   9999999.0000         0.6235
9999999.0000         0.0000   9999999.0000         0.6235
9999999.0000         0.0000   9999999.0000         0.6235
9999999.0000         0.0000   9999999.0000         0.6235
9999999.0000         0.0000   9999999.0000         0.6235
9999999.0000         0.0000   9999999.0000         0.6235
9999999.0000         0.0000   9999999.0000         0.6235
9999999.0000         0.0000   9999999.0000         0.6235
9999999.0000         0.0000   9999999.0000         0.6235
9999999.0000         0.0000   9999999.0000         0.6235
9999999.0000         0.0000   9999999.0000         0.3546
9999999.0000         0.0000   9999999.0000         0.3546
9999999.0000         0.0000   9999999.0000         0.3546
9999999.0000         0.0000   9999999.0000         0.3546
9999999.0000         0.0000   9999999.0000         0.3546
9999999.0000         0.0000   9999999.0000         0.3546
9999999.0000         0.0000   9999999.0000         0.3546
9999999.0000         0.0000   9999999.0000         0.3546
9999999.0000         0.0000   9999999.0000         0.3546
9999999.0000         0.0000   9999999.0000         0.3546
9999999.0000         0.0000   9999999.0000         0.1953
9945847.0000         0.0000   9999999.0000         0.1953
9906109.0000         0.0000   9999999.0000         0.1953
9869726.0000         0.0000   9999999.0000         0.1953
9837363.0000         0.0000   9999999.0000         0.1953
9807917.0000         0.0000   9999999.0000         0.1953
9781280.0000         0.0000   9999999.0000         0.1953
9757507.0000         0.0000   9999999.0000         0.1953
9735454.0000         0.0000   9999999.0000         0.1953
9716522.0000         0.0000   9999999.0000         0.1953
9699042.0000         0.0000   9999999.0000         0.1113
9577162.0000         0.0000   9999999.0000         0.1113
9568233.0000         0.0000   9999999.0000         0.1113
9558732.0000         0.0000   9999999.0000         0.1113
9549740.0000         0.0000   9999999.0000         0.1113
9540216.0000         0.0000   9999999.0000         0.1113
9532187.0000         0.0000   9999999.0000         0.1113
9524368.0000         0.0000   9999999.0000         0.1113
9517279.0000         0.0000   9999999.0000         0.1113
9509818.0000         0.0000   9999999.0000         0.1113
9502532.0000         0.0000   9999999.0000         0.0548
9426830.0000         0.0000   9999999.0000         0.0548
9418978.0000         0.0000   9999999.0000         0.0548
9411963.0000         0.0000   9999999.0000         0.0548
9405134.0000         0.0000   9999999.0000         0.0548
9398509.0000         0.0000   9999999.0000         0.0548
9392188.0000         0.0000   9999999.0000         0.0548
9385113.0000         0.0000   9999999.0000         0.0548
9379013.0000         0.0000   9999999.0000         0.0548
9372473.0000         0.0000   9999999.0000         0.0548
9365989.0000         0.0000   9999999.0000         0.0143
9313618.0000         0.0000   9999999.0000         0.0143
9307177.0000         0.0000   9999999.0000         0.0143
9299956.0000         0.0000   9999999.0000         0.0143
9292920.0000         0.0000   9999999.0000         0.0143
9286142.0000         0.0000   9999999.0000         0.0143
9281270.0000         0.0000   9999999.0000         0.0143
9274656.0000         0.0000   9999999.0000         0.0143
9270565.0000         0.0000   9999999.0000         0.0143
9263971.0000         0.0000   9999999.0000         0.0143
9259094.0000         0.0000   9999999.0000        -0.0139
9223256.0000         0.0000   9999999.0000        -0.0139
9219695.0000         0.0000   9999999.0000        -0.0139
9215407.0000         0.0000   9999999.0000        -0.0139
9211704.0000         0.0000   9999999.0000        -0.0139
9206952.0000         0.0000   9999999.0000        -0.0139
9203442.0000         0.0000   9999999.0000        -0.0139
9198520.0000         0.0000   9999999.0000        -0.0139
9195606.0000         0.0000   9999999.0000        -0.0139
9189951.0000         0.0000   9999999.0000        -0.0139
9187269.0000         0.0000   9999999.0000        -0.0310
9159753.0000         0.0000   9999999.0000        -0.0310
9156682.0000         0.0000   9999999.0000        -0.0310
9154051.0000         0.0000   9999999.0000        -0.0310
9152617.0000         0.0000   9999999.0000        -0.0310
9148854.0000         0.0000   9999999.0000        -0.0310
9147071.0000         0.0000   9999999.0000        -0.0310
9144751.0000         0.0000   9999999.0000        -0.0310
9143277.0000         0.0000   9999999.0000        -0.0310
9141663.0000         0.0000   9999999.0000        -0.0310
9140612.0000         0.0000   9999999.0000        -0.0397
9118163.0000         0.0000   9999999.0000        -0.0397
9118646.0000         0.0000   9999999.0000        -0.0397
9118353.0000         0.0000   9999999.0000        -0.0397
9118192.0000         0.0000   9999999.0000        -0.0397
9117884.0000         0.0000   9999999.0000        -0.0397
9117525.0000         0.0000   9999999.0000        -0.0397
9117398.0000         0.0000   9999999.0000        -0.0397
9117119.0000         0.0000   9999999.0000        -0.0397
9116797.0000         0.0000   9999999.0000        -0.0397
9116090.0000         0.0000   9999999.0000        -0.0462
9096682.0000         0.0000   9999999.0000        -0.0462
9096670.0000         0.0000   9999999.0000        -0.0462
9098247.0000         0.0000   9999999.0000        -0.0462
9097807.0000         0.0000   9999999.0000        -0.0462
9098332.0000         0.0000   9999999.0000        -0.0462
9098240.0000         0.0000   9999999.0000        -0.0462
9099092.0000         0.0000   9999999.0000        -0.0462
9098573.0000         0.0000   9999999.0000        -0.0462
9099396.0000         0.0000   9999999.0000        -0.0462
9098582.0000         0.0000   9999999.0000        -0.0492
9081685.0000         0.0000   9999999.0000        -0.0492
9081436.0000         0.0000   9999999.0000        -0.0492
9082401.0000         0.0000   9999999.0000        -0.0492
9082043.0000         0.0000   9999999.0000        -0.0492
9082379.0000         0.0000   9999999.0000        -0.0492
9081959.0000         0.0000   9999999.0000        -0.0492
9082612.0000         0.0000   9999999.0000        -0.0492
9081938.0000         0.0000   9999999.0000        -0.0492
9082119.0000         0.0000   9999999.0000        -0.0492
9081117.0000         0.0000   9999999.0000        -0.0510
9065762.0000         0.0000   9999999.0000        -0.0510
9065594.0000         0.0000   9999999.0000        -0.0510
9065695.0000         0.0000   9999999.0000        -0.0510
9065749.0000         0.0000   9999999.0000        -0.0510
9065633.0000         0.0000   9999999.0000        -0.0510
9066011.0000         0.0000   9999999.0000        -0.0510
9066069.0000         0.0000   9999999.0000        -0.0510
9066560.0000         0.0000   9999999.0000        -0.0510
9066750.0000         0.0000   9999999.0000        -0.0510
9067030.0000         0.0000   9999999.0000        -0.0518
9053981.0000         0.0000   9999999.0000        -0.0518
9054628.0000         0.0000   9999999.0000        -0.0518
9055460.0000         0.0000   9999999.0000        -0.0518
9055678.0000         0.0000   9999999.0000        -0.0518
9056254.0000         0.0000   9999999.0000        -0.0518
9056109.0000         0.0000   9999999.0000        -0.0518
9056399.0000         0.0000   9999999.0000        -0.0518
9056792.0000         0.0000   9999999.0000        -0.0518
9057333.0000         0.0000   9999999.0000        -0.0518
9057428.0000         0.0000   9999999.0000        -0.0524
9045776.0000         0.0000   9999999.0000        -0.0524
9045919.0000         0.0000   9999999.0000        -0.0524
9046411.0000         0.0000   9999999.0000        -0.0524
9046675.0000         0.0000   9999999.0000        -0.0524
9047173.0000         0.0000   9999999.0000        -0.0524
9047389.0000         0.0000   9999999.0000        -0.0524
9047691.0000         0.0000   9999999.0000        -0.0524
9047852.0000         0.0000   9999999.0000        -0.0524
9047782.0000         0.0000   9999999.0000        -0.0524
9047975.0000         0.0000   9999999.0000        -0.0530
9037472.0000         0.0000   9999999.0000        -0.0530
9037720.0000         0.0000   9999999.0000        -0.0530
9037826.0000         0.0000   9999999.0000        -0.0530
9037918.0000         0.0000   9999999.0000        -0.0530
9037928.0000         0.0000   9999999.0000        -0.0530
9037981.0000         0.0000   9999999.0000        -0.0530
9038028.0000         0.0000   9999999.0000        -0.0530
9038204.0000         0.0000   9999999.0000        -0.0530
9037966.0000         0.0000   9999999.0000        -0.0530
9038079.0000         0.0000   9999999.0000        -0.0538
9028667.0000         0.0000   9999999.0000        -0.0538
9028600.0000         0.0000   9999999.0000        -0.0538
9028849.0000         0.0000   9999999.0000        -0.0538
9028778.0000         0.0000   9999999.0000        -0.0538
9028834.0000         0.0000   9999999.0000        -0.0538
9028783.0000         0.0000   9999999.0000        -0.0538
9028544.0000         0.0000   9999999.0000        -0.0538
9028603.0000         0.0000   9999999.0000        -0.0538
9028420.0000         0.0000   9999999.0000        -0.0538
9028520.0000         0.0000   9999999.0000        -0.0548
9019031.0000         0.0000   9999999.0000        -0.0548
9019195.0000         0.0000   9999999.0000        -0.0548
9019299.0000         0.0000   9999999.0000        -0.0548
9019256.0000         0.0000   9999999.0000        -0.0548
9019244.0000         0.0000   9999999.0000        -0.0548
9019417.0000         0.0000   9999999.0000        -0.0548
9019171.0000         0.0000   9999999.0000        -0.0548
9019116.0000         0.0000   9999999.0000        -0.0548
9019103.0000         0.0000   9999999.0000        -0.0548
9019163.0000         0.0000   9999999.0000        -0.0560
9009287.0000         0.0000   9999999.0000        -0.0560
9009320.0000         0.0000   9999999.0000        -0.0560
9009244.0000         0.0000   9999999.0000        -0.0560
9009341.0000         0.0000   9999999.0000        -0.0560
9009273.0000         0.0000   9999999.0000        -0.0560
9009338.0000         0.0000   9999999.0000        -0.0560
9009276.0000         0.0000   9999999.0000        -0.0560
9009337.0000         0.0000   9999999.0000        -0.0560
9009276.0000         0.0000   9999999.0000        -0.0560
9009338.0000         0.0000   9999999.0000        -0.0575
8998954.0000         0.0000   9999999.0000        -0.0575
8998993.0000         0.0000   9999999.0000        -0.0575
8998925.0000         0.0000   9999999.0000        -0.0575
8998977.0000         0.0000   9999999.0000        -0.0575
8998929.0000         0.0000   9999999.0000        -0.0575
8998978.0000         0.0000   9999999.0000        -0.0575
8998941.0000         0.0000   9999999.0000        -0.0575
8999032.0000         0.0000   9999999.0000        -0.0575
8999022.0000         0.0000   9999999.0000        -0.0575
8999072.0000         0.0000   9999999.0000        -0.0593
8988003.0000         0.0000   9999999.0000        -0.0593
8987962.0000         0.0000   9999999.0000        -0.0593
8987930.0000         0.0000   9999999.0000        -0.0593
8987988.0000         0.0000   9999999.0000        -0.0593
8988013.0000         0.0000   9999999.0000        -0.0593
8988096.0000         0.0000   9999999.0000        -0.0593
8988047.0000         0.0000   9999999.0000        -0.0593
8988125.0000         0.0000   9999999.0000        -0.0593
8988050.0000         0.0000   9999999.0000        -0.0593
8988130.0000         0.0000   9999999.0000        -0.0611
8976372.0000         0.0000   9999999.0000        -0.0611
8976374.0000         0.0000   9999999.0000        -0.0611
8976373.0000         0.0000   9999999.0000        -0.0611
8976296.0000         0.0000   9999999.0000        -0.0611
8976389.0000         0.0000   9999999.0000        -0.0611
8976320.0000         0.0000   9999999.0000        -0.0611
8976389.0000         0.0000   9999999.0000        -0.0611
8976320.0000         0.0000   9999999.0000        -0.0611
8976389.0000         0.0000   9999999.0000        -0.0611
8976320.0000         0.0000   9999999.0000        -0.0631
8964007.0000         0.0000   9999999.0000        -0.0631
8963866.0000         0.0000   9999999.0000        -0.0631
8963663.0000         0.0000   9999999.0000        -0.0631
8963701.0000         0.0000   9999999.0000        -0.0631
8963663.0000         0.0000   9999999.0000        -0.0631
8963701.0000         0.0000   9999999.0000        -0.0631
8963663.0000         0.0000   9999999.0000        -0.0631
8963701.0000         0.0000   9999999.0000        -0.0631
8963663.0000         0.0000   9999999.0000        -0.0631
8963702.0000         0.0000   9999999.0000        -0.0654
8950077.0000         0.0000   9999999.0000        -0.0654
8949849.0000         0.0000   9999999.0000        -0.0654
8949794.0000         0.0000   9999999.0000        -0.0654
8949849.0000         0.0000   9999999.0000        -0.0654
8949794.0000         0.0000   9999999.0000        -0.0654
8949849.0000         0.0000   9999999.0000        -0.0654
8949794.0000         0.0000   9999999.0000        -0.0654
8949849.0000         0.0000   9999999.0000        -0.0654
8949794.0000         0.0000   9999999.0000        -0.0654
8949849.0000         0.0000   9999999.0000        -0.0675
8934538.0000         0.0000   9999999.0000        -0.0675
8934317.0000         0.0000   9999999.0000        -0.0675
8933482.0000         0.0000   9999999.0000        -0.0675
8932829.0000         0.0000   9999999.0000        -0.0675
8932200.0000         0.0000   9999999.0000        -0.0675
8932230.0000         0.0000   9999999.0000        -0.0675
8931385.0000         0.0000   9999999.0000        -0.0675
8931248.0000         0.0000   9999999.0000        -0.0675
8930907.0000         0.0000   9999999.0000        -0.0675
8930971.0000         0.0000   9999999.0000        -0.0705
8915432.0000         0.0000   9999999.0000        -0.0705
8914816.0000         0.0000   9999999.0000        -0.0705
8914662.0000         0.0000   9999999.0000        -0.0705
8914163.0000         0.0000   9999999.0000        -0.0705
8913680.0000         0.0000   9999999.0000        -0.0705
8913020.0000         0.0000   9999999.0000        -0.0705
8912762.0000         0.0000   9999999.0000        -0.0705
8912348.0000         0.0000   9999999.0000        -0.0705
8912053.0000         0.0000   9999999.0000        -0.0705
8911741.0000         0.0000   9999999.0000        -0.0730
8899946.0000         0.0000   9999999.0000        -0.0730
8899714.0000         0.0000   9999999.0000        -0.0730
8899120.0000         0.0000   9999999.0000        -0.0730
8898533.0000         0.0000   9999999.0000        -0.0730
8897990.0000         0.0000   9999999.0000        -0.0730
8897663.0000         0.0000   9999999.0000        -0.0730
8897311.0000         0.0000   9999999.0000        -0.0730
8897121.0000         0.0000   9999999.0000        -0.0730
8896550.0000         0.0000   9999999.0000        -0.0730
8896700.0000         0.0000   9999999.0000        -0.0744
8888820.0000         0.0000   9999999.0000        -0.0744
8888241.0000         0.0000   9999999.0000        -0.0744
8888045.0000         0.0000   9999999.0000        -0.0744
8887868.0000         0.0000   9999999.0000        -0.0744
8887365.0000         0.0000   9999999.0000        -0.0744
8886965.0000         0.0000   9999999.0000        -0.0744
8887036.0000         0.0000   9999999.0000        -0.0744
8886882.0000         0.0000   9999999.0000        -0.0744
8887037.0000         0.0000   9999999.0000        -0.0744
8886882.0000         0.0000   9999999.0000        -0.0753
8883862.0000         0.0000   9999999.0000        -0.0753
8883382.0000         0.0000   9999999.0000        -0.0753
8882996.0000         0.0000   9999999.0000        -0.0753
8882843.0000         0.0000   9999999.0000        -0.0753
8882879.0000         0.0000   9999999.0000        -0.0753
8882639.0000         0.0000   9999999.0000        -0.0753
8882703.0000         0.0000   9999999.0000        -0.0753
8882442.0000         0.0000   9999999.0000        -0.0753
8882791.0000         0.0000   9999999.0000        -0.0753
8882440.0000         0.0000   9999999.0000        -0.0760
8882477.0000         0.0000   9999999.0000        -0.0760
8882368.0000         0.0000   9999999.0000        -0.0760
8882904.0000         0.0000   9999999.0000        -0.0760
8882969.0000         0.0000   9999999.0000        -0.0760
8883183.0000         0.0000   9999999.0000        -0.0760
8882968.0000         0.0000   9999999.0000        -0.0760
8883183.0000         0.0000   9999999.0000        -0.0760
8882968.0000         0.0000   9999999.0000        -0.0760
8883183.0000         0.0000   9999999.0000        -0.0760
8882968.0000         0.0000   9999999.0000        -0.0765
8884608.0000         0.0000   9999999.0000        -0.0765
8884726.0000         0.0000   9999999.0000        -0.0765
8884428.0000         0.0000   9999999.0000        -0.0765
8884663.0000         0.0000   9999999.0000        -0.0765
8884432.0000         0.0000   9999999.0000        -0.0765
8884622.0000         0.0000   9999999.0000        -0.0765
8884432.0000         0.0000   9999999.0000        -0.0765
8884623.0000         0.0000   9999999.0000        -0.0765
8884433.0000         0.0000   9999999.0000        -0.0765
8884623.0000         0.0000   9999999.0000        -0.0779
8886867.0000         0.0000   9999999.0000        -0.0779
8887017.0000         0.0000   9999999.0000        -0.0779
8887024.0000         0.0000   9999999.0000        -0.0779
8887193.0000         0.0000   9999999.0000        -0.0779
8887367.0000         0.0000   9999999.0000        -0.0779
8887362.0000         0.0000   9999999.0000        -0.0779
8887367.0000         0.0000   9999999.0000        -0.0779
8887362.0000         0.0000   9999999.0000        -0.0779
8887367.0000         0.0000   9999999.0000        -0.0779
8887362.0000         0.0000   9999999.0000        -0.0792
8890014.0000         0.0000   9999999.0000        -0.0792
8889972.0000         0.0000   9999999.0000        -0.0792
8889937.0000         0.0000   9999999.0000        -0.0792
8890373.0000         0.0000   9999999.0000        -0.0792
8890382.0000         0.0000   9999999.0000        -0.0792
8890384.0000         0.0000   9999999.0000        -0.0792
8890382.0000         0.0000   9999999.0000        -0.0792
8890384.0000         0.0000   9999999.0000        -0.0792
8890382.0000         0.0000   9999999.0000        -0.0792
8890384.0000         0.0000   9999999.0000        -0.0807
8892573.0000         0.0000   9999999.0000        -0.0807
8892474.0000         0.0000   9999999.0000        -0.0807
8892827.0000         0.0000   9999999.0000        -0.0807
8892541.0000         0.0000   9999999.0000        -0.0807
8892863.0000         0.0000   9999999.0000        -0.0807
8892603.0000         0.0000   9999999.0000        -0.0807
8892834.0000         0.0000   9999999.0000        -0.0807
8892894.0000         0.0000   9999999.0000        -0.0807
8892829.0000         0.0000   9999999.0000        -0.0807
8892894.0000         0.0000   9999999.0000        -0.0822
8895006.0000         0.0000   9999999.0000        -0.0822
8894982.0000         0.0000   9999999.0000        -0.0822
8894918.0000         0.0000   9999999.0000        -0.0822
8894751.0000         0.0000   9999999.0000        -0.0822
8895048.0000         0.0000   9999999.0000        -0.0822
8894926.0000         0.0000   9999999.0000        -0.0822
8895060.0000         0.0000   9999999.0000        -0.0822
8894962.0000         0.0000   9999999.0000        -0.0822
8895060.0000         0.0000   9999999.0000        -0.0822
8894963.0000         0.0000   9999999.0000        -0.0836
8896447.0000         0.0000   9999999.0000        -0.0836
8896413.0000         0.0000   9999999.0000        -0.0836
8896561.0000         0.0000   9999999.0000        -0.0836
8896404.0000         0.0000   9999999.0000        -0.0836
8896554.0000         0.0000   9999999.0000        -0.0836
8896382.0000         0.0000   9999999.0000        -0.0836
8896551.0000         0.0000   9999999.0000        -0.0836
8896380.0000         0.0000   9999999.0000        -0.0836
8896549.0000         0.0000   9999999.0000        -0.0836
8896380.0000         0.0000   9999999.0000        -0.0848
8896698.0000         0.0000   9999999.0000        -0.0848
8896552.0000         0.0000   9999999.0000        -0.0848
8896766.0000         0.0000   9999999.0000        -0.0848
8896617.0000         0.0000   9999999.0000        -0.0848
8896766.0000         0.0000   9999999.0000        -0.0848
8896617.0000         0.0000   9999999.0000        -0.0848
8896766.0000         0.0000   9999999.0000        -0.0848
8896617.0000         0.0000   9999999.0000        -0.0848
8896766.0000         0.0000   9999999.0000        -0.0848
8896617.0000         0.0000   9999999.0000        -0.0859
8895469.0000         0.0000   9999999.0000        -0.0859
8895336.0000         0.0000   9999999.0000        -0.0859
8895617.0000         0.0000   9999999.0000        -0.0859
8895358.0000         0.0000   9999999.0000        -0.0859
8895598.0000         0.0000   9999999.0000        -0.0859
8895358.0000         0.0000   9999999.0000        -0.0859
8895598.0000         0.0000   9999999.0000        -0.0859
8895358.0000         0.0000   9999999.0000        -0.0859
8895598.0000         0.0000   9999999.0000        -0.0859
8895348.0000         0.0000   9999999.0000        -0.0870
8892854.0000         0.0000   9999999.0000        -0.0870
8892521.0000         0.0000   9999999.0000        -0.0870
8892722.0000         0.0000   9999999.0000        -0.0870
8892688.0000         0.0000   9999999.0000        -0.0870
8892720.0000         0.0000   9999999.0000        -0.0870
8892680.0000         0.0000   9999999.0000        -0.0870
8892720.0000         0.0000   9999999.0000        -0.0870
8892688.0000         0.0000   9999999.0000        -0.0870
8892720.0000         0.0000   9999999.0000        -0.0870
8892680.0000         0.0000   9999999.0000        -0.0883
8888539.0000         0.0000   9999999.0000        -0.0883
8888390.0000         0.0000   9999999.0000        -0.0883
8888686.0000         0.0000   9999999.0000        -0.0883
8888555.0000         0.0000   9999999.0000        -0.0883
8888831.0000         0.0000   9999999.0000        -0.0883
8888438.0000         0.0000   9999999.0000        -0.0883
8888839.0000         0.0000   9999999.0000        -0.0883
8888416.0000         0.0000   9999999.0000        -0.0883
8888837.0000         0.0000   9999999.0000        -0.0883
8888416.0000         0.0000   9999999.0000        -0.0898
8883424.0000         0.0000   9999999.0000        -0.0898
8883219.0000         0.0000   9999999.0000        -0.0898
8883161.0000         0.0000   9999999.0000        -0.0898
8882919.0000         0.0000   9999999.0000        -0.0898
8883161.0000         0.0000   9999999.0000        -0.0898
8882920.0000         0.0000   9999999.0000        -0.0898
8883161.0000         0.0000   9999999.0000        -0.0898
8882920.0000         0.0000   9999999.0000        -0.0898
8883161.0000         0.0000   9999999.0000        -0.0898
8882920.0000         0.0000   9999999.0000        -0.0914
8876769.0000         0.0000   9999999.0000        -0.0914
8876441.0000         0.0000   9999999.0000        -0.0914
8876678.0000         0.0000   9999999.0000        -0.0914
8876371.0000         0.0000   9999999.0000        -0.0914
8876455.0000         0.0000   9999999.0000        -0.0914
8876154.0000         0.0000   9999999.0000        -0.0914
8876560.0000         0.0000   9999999.0000        -0.0914
8876256.0000         0.0000   9999999.0000        -0.0914
8876451.0000         0.0000   9999999.0000        -0.0914
8876154.0000         0.0000   9999999.0000        -0.0931
8869826.0000         0.0000   9999999.0000        -0.0931
8869616.0000         0.0000   9999999.0000        -0.0931
8869944.0000         0.0000   9999999.0000        -0.0931
8869696.0000         0.0000   9999999.0000        -0.0931
8869944.0000         0.0000   9999999.0000        -0.0931
8869696.0000         0.0000   9999999.0000        -0.0931
8869944.0000         0.0000   9999999.0000        -0.0931
8869696.0000         0.0000   9999999.0000        -0.0931
8869944.0000         0.0000   9999999.0000        -0.0931
8869696.0000         0.0000   9999999.0000        -0.0946
8863473.0000         0.0000   9999999.0000        -0.0946
8863352.0000         0.0000   9999999.0000        -0.0946
8863489.0000         0.0000   9999999.0000        -0.0946
8863246.0000         0.0000   9999999.0000        -0.0946
8863404.0000         0.0000   9999999.0000        -0.0946
8863177.0000         0.0000   9999999.0000        -0.0946
8863404.0000         0.0000   9999999.0000        -0.0946
8863096.0000         0.0000   9999999.0000        -0.0946
8863113.0000         0.0000   9999999.0000        -0.0946
8862638.0000         0.0000   9999999.0000        -0.0961
8856659.0000         0.0000   9999999.0000        -0.0961
8856258.0000         0.0000   9999999.0000        -0.0961
8856294.0000         0.0000   9999999.0000        -0.0961
8856023.0000         0.0000   9999999.0000        -0.0961
8855888.0000         0.0000   9999999.0000        -0.0961
8855962.0000         0.0000   9999999.0000        -0.0961
8855705.0000         0.0000   9999999.0000        -0.0961
8855711.0000         0.0000   9999999.0000        -0.0961
8855641.0000         0.0000   9999999.0000        -0.0961
8855652.0000         0.0000   9999999.0000        -0.0975
8851443.0000         0.0000   9999999.0000        -0.0975
8851381.0000         0.0000   9999999.0000        -0.0975
8851157.0000         0.0000   9999999.0000        -0.0975
8851149.0000         0.0000   9999999.0000        -0.0975
8851080.0000         0.0000   9999999.0000        -0.0975
8851001.0000         0.0000   9999999.0000        -0.0975
8850833.0000         0.0000   9999999.0000        -0.0975
8850846.0000         0.0000   9999999.0000        -0.0975
8850686.0000         0.0000   9999999.0000        -0.0975
8850774.0000         0.0000   9999999.0000        -0.0989
8848734.0000         0.0000   9999999.0000        -0.0989
8849137.0000         0.0000   9999999.0000        -0.0989
8848785.0000         0.0000   9999999.0000        -0.0989
8849143.0000         0.0000   9999999.0000        -0.0989
8848686.0000         0.0000   9999999.0000        -0.0989
8849114.0000         0.0000   9999999.0000        -0.0989
8848691.0000         0.0000   9999999.0000        -0.0989
8849053.0000         0.0000   9999999.0000        -0.0989
8848611.0000         0.0000   9999999.0000        -0.0989
8848978.0000         0.0000   9999999.0000        -0.1002
8848493.0000         0.0000   9999999.0000        -0.1002
8848851.0000         0.0000   9999999.0000        -0.1002
8848352.0000         0.0000   9999999.0000        -0.1002
8848611.0000         0.0000   9999999.0000        -0.1002
8848256.0000         0.0000   9999999.0000        -0.1002
8848565.0000         0.0000   9999999.0000        -0.1002
8848203.0000         0.0000   9999999.0000        -0.1002
8848551.0000         0.0000   9999999.0000        -0.1002
8848203.0000         0.0000   9999999.0000        -0.1002
8848551.0000         0.0000   9999999.0000        -0.1018
8849817.0000         0.0000   9999999.0000        -0.1018
8850308.0000         0.0000   9999999.0000        -0.1018
8849993.0000         0.0000   9999999.0000        -0.1018
8850279.0000         0.0000   9999999.0000        -0.1018
8849912.0000         0.0000   9999999.0000        -0.1018
8850091.0000         0.0000   9999999.0000        -0.1018
8849726.0000         0.0000   9999999.0000        -0.1018
8850025.0000         0.0000   9999999.0000        -0.1018
8849726.0000         0.0000   9999999.0000        -0.1018
8850025.0000         0.0000   9999999.0000        -0.1034
8852505.0000         0.0000   9999999.0000        -0.1034
8852465.0000         0.0000   9999999.0000        -0.1034
8852219.0000         0.0000   9999999.0000        -0.1034
8851867.0000         0.0000   9999999.0000        -0.1034
8851351.0000         0.0000   9999999.0000        -0.1034
8851414.0000         0.0000   9999999.0000        -0.1034
8851228.0000         0.0000   9999999.0000        -0.1034
8851539.0000         0.0000   9999999.0000        -0.1034
8851227.0000         0.0000   9999999.0000        -0.1034
8851538.0000         0.0000   9999999.0000        -0.1056
8854368.0000         0.0000   9999999.0000        -0.1056
8854756.0000         0.0000   9999999.0000        -0.1056
8854318.0000         0.0000   9999999.0000        -0.1056
8854748.0000         0.0000   9999999.0000        -0.1056
8854325.0000         0.0000   9999999.0000        -0.1056
8854692.0000         0.0000   9999999.0000        -0.1056
8854298.0000         0.0000   9999999.0000        -0.1056
8854685.0000         0.0000   9999999.0000        -0.1056
8854298.0000         0.0000   9999999.0000        -0.1056
8854684.0000         0.0000   9999999.0000        -0.1074
8856939.0000         0.0000   9999999.0000        -0.1074
8857459.0000         0.0000   9999999.0000        -0.1074
8857280.0000         0.0000   9999999.0000        -0.1074
8857413.0000         0.0000   9999999.0000        -0.1074
8857192.0000         0.0000   9999999.0000        -0.1074
8857190.0000         0.0000   9999999.0000        -0.1074
8857165.0000         0.0000   9999999.0000        -0.1074
8857190.0000         0.0000   9999999.0000        -0.1074
8857165.0000         0.0000   9999999.0000        -0.1074
8857190.0000         0.0000   9999999.0000        -0.1090
8858401.0000         0.0000   9999999.0000        -0.1090
8858088.0000         0.0000   9999999.0000        -0.1090
8858481.0000         0.0000   9999999.0000        -0.1090
8858449.0000         0.0000   9999999.0000        -0.1090
8858553.0000         0.0000   9999999.0000        -0.1090
8858462.0000         0.0000   9999999.0000        -0.1090
8858653.0000         0.0000   9999999.0000        -0.1090
8858462.0000         0.0000   9999999.0000        -0.1090
8858681.0000         0.0000   9999999.0000        -0.1090
8858480.0000         0.0000   9999999.0000        -0.1101
8858007.0000         0.0000   9999999.0000        -0.1101
8857847.0000         0.0000   9999999.0000        -0.1101
8858014.0000         0.0000   9999999.0000        -0.1101
8857847.0000         0.0000   9999999.0000        -0.1101
8858014.0000         0.0000   9999999.0000        -0.1101
8857847.0000         0.0000   9999999.0000        -0.1101
8858013.0000         0.0000   9999999.0000        -0.1101
8857846.0000         0.0000   9999999.0000        -0.1101
8858014.0000         0.0000   9999999.0000        -0.1101
8857847.0000         0.0000   9999999.0000        -0.1120
8855499.0000         0.0000   9999999.0000        -0.1120
8855387.0000         0.0000   9999999.0000        -0.1120
8855665.0000         0.0000   9999999.0000        -0.1120
8855712.0000         0.0000   9999999.0000        -0.1120
8855743.0000         0.0000   9999999.0000        -0.1120
8855710.0000         0.0000   9999999.0000        -0.1120
8855747.0000         0.0000   9999999.0000        -0.1120
8855710.0000         0.0000   9999999.0000        -0.1120
8855747.0000         0.0000   9999999.0000        -0.1120
8855710.0000         0.0000   9999999.0000        -0.1134
8851756.0000         0.0000   9999999.0000        -0.1134
8851616.0000         0.0000   9999999.0000        -0.1134
8851493.0000         0.0000   9999999.0000        -0.1134
8851093.0000         0.0000   9999999.0000        -0.1134
8851266.0000         0.0000   9999999.0000        -0.1134
8851096.0000         0.0000   9999999.0000        -0.1134
8851185.0000         0.0000   9999999.0000        -0.1134
8851061.0000         0.0000   9999999.0000        -0.1134
8851171.0000         0.0000   9999999.0000        -0.1134
8851034.0000         0.0000   9999999.0000        -0.1155
8846109.0000         0.0000   9999999.0000        -0.1155
8846101.0000         0.0000   9999999.0000        -0.1155
8846420.0000         0.0000   9999999.0000        -0.1155
8846716.0000         0.0000   9999999.0000        -0.1155
8847316.0000         0.0000   9999999.0000        -0.1155
8847186.0000         0.0000   9999999.0000        -0.1155
8847363.0000         0.0000   9999999.0000        -0.1155
8847070.0000         0.0000   9999999.0000        -0.1155
8847307.0000         0.0000   9999999.0000        -0.1155
8847058.0000         0.0000   9999999.0000        -0.1157
8841671.0000         0.0000   9999999.0000        -0.1157
8841349.0000         0.0000   9999999.0000        -0.1157
8841552.0000         0.0000   9999999.0000        -0.1157
8841337.0000         0.0000   9999999.0000        -0.1157
8841553.0000         0.0000   9999999.0000        -0.1157
8841469.0000         0.0000   9999999.0000        -0.1157
8841612.0000         0.0000   9999999.0000        -0.1157
8841313.0000         0.0000   9999999.0000        -0.1157
8841594.0000         0.0000   9999999.0000        -0.1157
8841187.0000         0.0000   9999999.0000        -0.1165
8836041.0000         0.0000   9999999.0000        -0.1165
8835671.0000         0.0000   9999999.0000        -0.1165
8835749.0000         0.0000   9999999.0000        -0.1165
8835409.0000         0.0000   9999999.0000        -0.1165
8835554.0000         0.0000   9999999.0000        -0.1165
8835305.0000         0.0000   9999999.0000        -0.1165
8835603.0000         0.0000   9999999.0000        -0.1165
8835329.0000         0.0000   9999999.0000        -0.1165
8835598.0000         0.0000   9999999.0000        -0.1165
8835387.0000         0.0000   9999999.0000        -0.1181
8830964.0000         0.0000   9999999.0000        -0.1181
8830708.0000         0.0000   9999999.0000        -0.1181
8831222.0000         0.0000   9999999.0000        -0.1181
8831319.0000         0.0000   9999999.0000        -0.1181
8831654.0000         0.0000   9999999.0000        -0.1181
8831656.0000         0.0000   9999999.0000        -0.1181
8831951.0000         0.0000   9999999.0000        -0.1181
8831706.0000         0.0000   9999999.0000        -0.1181
8831983.0000         0.0000   9999999.0000        -0.1181
8831733.0000         0.0000   9999999.0000        -0.1183
8828122.0000         0.0000   9999999.0000        -0.1183
8827923.0000         0.0000   9999999.0000        -0.1183
8828075.0000         0.0000   9999999.0000        -0.1183
8827759.0000         0.0000   9999999.0000        -0.1183
8827943.0000         0.0000   9999999.0000        -0.1183
8827755.0000         0.0000   9999999.0000        -0.1183
8827832.0000         0.0000   9999999.0000        -0.1183
8827607.0000         0.0000   9999999.0000        -0.1183
8827744.0000         0.0000   9999999.0000        -0.1183
8827513.0000         0.0000   9999999.0000        -0.1186
8824636.0000         0.0000   9999999.0000        -0.1186
8824302.0000         0.0000   9999999.0000        -0.1186
8824377.0000         0.0000   9999999.0000        -0.1186
8824269.0000         0.0000   9999999.0000        -0.1186
8824359.0000         0.0000   9999999.0000        -0.1186
8824079.0000         0.0000   9999999.0000        -0.1186
8824285.0000         0.0000   9999999.0000        -0.1186
8824000.0000         0.0000   9999999.0000        -0.1186
8824146.0000         0.0000   9999999.0000        -0.1186
8823924.0000         0.0000   9999999.0000        -0.1203
8822494.0000         0.0000   9999999.0000        -0.1203
8822165.0000         0.0000   9999999.0000        -0.1203
8822326.0000         0.0000   9999999.0000        -0.1203
8822018.0000         0.0000   9999999.0000        -0.1203
8822150.0000         0.0000   9999999.0000        -0.1203
8821903.0000         0.0000   9999999.0000        -0.1203
8822045.0000         0.0000   9999999.0000        -0.1203
8821773.0000         0.0000   9999999.0000        -0.1203
8822000.0000         0.0000   9999999.0000        -0.1203
8821658.0000         0.0000   9999999.0000        -0.1222
8821469.0000         0.0000   9999999.0000        -0.1222
8821183.0000         0.0000   9999999.0000        -0.1222
8821439.0000         0.0000   9999999.0000        -0.1222
8821270.0000         0.0000   9999999.0000        -0.1222
8821616.0000         0.0000   9999999.0000        -0.1222
8821609.0000         0.0000   9999999.0000        -0.1222
8821705.0000         0.0000   9999999.0000        -0.1222
8821488.0000         0.0000   9999999.0000        -0.1222
8821655.0000         0.0000   9999999.0000        -0.1222
8821515.0000         0.0000   9999999.0000        -0.1235
8822350.0000         0.0000   9999999.0000        -0.1235
8822126.0000         0.0000   9999999.0000        -0.1235
8822141.0000         0.0000   9999999.0000        -0.1235
8822017.0000         0.0000   9999999.0000        -0.1235
8822102.0000         0.0000   9999999.0000        -0.1235
8821945.0000         0.0000   9999999.0000        -0.1235
8822083.0000         0.0000   9999999.0000        -0.1235
8821843.0000         0.0000   9999999.0000        -0.1235
8821974.0000         0.0000   9999999.0000        -0.1235
8821708.0000         0.0000   9999999.0000        -0.1258
8823613.0000         0.0000   9999999.0000        -0.1258
8823164.0000         0.0000   9999999.0000        -0.1258
8823088.0000         0.0000   9999999.0000        -0.1258
8822478.0000         0.0000   9999999.0000        -0.1258
8822691.0000         0.0000   9999999.0000        -0.1258
8822269.0000         0.0000   9999999.0000        -0.1258
8822479.0000         0.0000   9999999.0000        -0.1258
8822037.0000         0.0000   9999999.0000        -0.1258
8822344.0000         0.0000   9999999.0000        -0.1258
8821924.0000         0.0000   9999999.0000        -0.1281
8824737.0000         0.0000   9999999.0000        -0.1281
8824157.0000         0.0000   9999999.0000        -0.1281
8824546.0000         0.0000   9999999.0000        -0.1281
8823727.0000         0.0000   9999999.0000        -0.1281
8823937.0000         0.0000   9999999.0000        -0.1281
8823218.0000         0.0000   9999999.0000        -0.1281
8823569.0000         0.0000   9999999.0000        -0.1281
8822975.0000         0.0000   9999999.0000        -0.1281
8823543.0000         0.0000   9999999.0000        -0.1281
8822891.0000         0.0000   9999999.0000        -0.1302
8826663.0000         0.0000   9999999.0000        -0.1302
8825872.0000         0.0000   9999999.0000        -0.1302
8826311.0000         0.0000   9999999.0000        -0.1302
8825718.0000         0.0000   9999999.0000        -0.1302
8826330.0000         0.0000   9999999.0000        -0.1302
8825923.0000         0.0000   9999999.0000        -0.1302
8826583.0000         0.0000   9999999.0000        -0.1302
8826272.0000         0.0000   9999999.0000        -0.1302
8827133.0000         0.0000   9999999.0000        -0.1302
8826616.0000         0.0000   9999999.0000        -0.1298
8831296.0000         0.0000   9999999.0000        -0.1298
8830906.0000         0.0000   9999999.0000        -0.1298
8831034.0000         0.0000   9999999.0000        -0.1298
8830558.0000         0.0000   9999999.0000        -0.1298
8830782.0000         0.0000   9999999.0000        -0.1298
8830406.0000         0.0000   9999999.0000        -0.1298
8830901.0000         0.0000   9999999.0000        -0.1298
8830239.0000         0.0000   9999999.0000        -0.1298
8830789.0000         0.0000   9999999.0000        -0.1298
8830183.0000         0.0000   9999999.0000        -0.1295
8835093.0000         0.0000   9999999.0000        -0.1295
8834215.0000         0.0000   9999999.0000        -0.1295
8833980.0000         0.0000   9999999.0000        -0.1295
8833616.0000         0.0000   9999999.0000        -0.1295
8833955.0000         0.0000   9999999.0000        -0.1295
8833509.0000         0.0000   9999999.0000        -0.1295
8833627.0000         0.0000   9999999.0000        -0.1295
8833885.0000         0.0000   9999999.0000        -0.1295
8833848.0000         0.0000   9999999.0000        -0.1295
8833890.0000         0.0000   9999999.0000        -0.1297
8838246.0000         0.0000   9999999.0000        -0.1297
8838034.0000         0.0000   9999999.0000        -0.1297
8837499.0000         0.0000   9999999.0000        -0.1297
8837896.0000         0.0000   9999999.0000        -0.1297
8837543.0000         0.0000   9999999.0000        -0.1297
8838196.0000         0.0000   9999999.0000        -0.1297
8837753.0000         0.0000   9999999.0000        -0.1297
8838235.0000         0.0000   9999999.0000        -0.1297
8837579.0000         0.0000   9999999.0000        -0.1297
8837929.0000         0.0000   9999999.0000        -0.1293
8841919.0000         0.0000   9999999.0000        -0.1293
8841654.0000         0.0000   9999999.0000        -0.1293
8841455.0000         0.0000   9999999.0000        -0.1293
8841317.0000         0.0000   9999999.0000        -0.1293
8841122.0000         0.0000   9999999.0000        -0.1293
8840723.0000         0.0000   9999999.0000        -0.1293
8840580.0000         0.0000   9999999.0000        -0.1293
8840385.0000         0.0000   9999999.0000        -0.1293
8840404.0000         0.0000   9999999.0000        -0.1293
8840279.0000         0.0000   9999999.0000        -0.1315
8844746.0000         0.0000   9999999.0000        -0.1315
8844272.0000         0.0000   9999999.0000        -0.1315
8844569.0000         0.0000   9999999.0000        -0.1315
8843908.0000         0.0000   9999999.0000        -0.1315
8843907.0000         0.0000   9999999.0000        -0.1315
8843610.0000         0.0000   9999999.0000        -0.1315
8843682.0000         0.0000   9999999.0000        -0.1315
8843286.0000         0.0000   9999999.0000        -0.1315
8843390.0000         0.0000   9999999.0000        -0.1315
8843135.0000         0.0000   9999999.0000        -0.1304
8847674.0000         0.0000   9999999.0000        -0.1304
8846966.0000         0.0000   9999999.0000        -0.1304
8846716.0000         0.0000   9999999.0000        -0.1304
8845979.0000         0.0000   9999999.0000        -0.1304
8845858.0000         0.0000   9999999.0000        -0.1304
8845494.0000         0.0000   9999999.0000        -0.1304
8845414.0000         0.0000   9999999.0000        -0.1304
8845196.0000         0.0000   9999999.0000        -0.1304
8845127.0000         0.0000   9999999.0000        -0.1304
8845334.0000         0.0000   9999999.0000        -0.1258
8848629.0000         0.0000   9999999.0000        -0.1258
8848631.0000         0.0000   9999999.0000        -0.1258
8848102.0000         0.0000   9999999.0000        -0.1258
8847959.0000         0.0000   9999999.0000        -0.1258
8847752.0000         0.0000   9999999.0000        -0.1258
8847190.0000         0.0000   9999999.0000        -0.1258
8847145.0000         0.0000   9999999.0000        -0.1258
8846862.0000         0.0000   9999999.0000        -0.1258
8846672.0000         0.0000   9999999.0000        -0.1258
8846642.0000         0.0000   9999999.0000        -0.1251
8848755.0000         0.0000   9999999.0000        -0.1251
8848633.0000         0.0000   9999999.0000        -0.1251
8848347.0000         0.0000   9999999.0000        -0.1251
8848320.0000         0.0000   9999999.0000        -0.1251
8848336.0000         0.0000   9999999.0000        -0.1251
8848457.0000         0.0000   9999999.0000        -0.1251
8848261.0000         0.0000   9999999.0000        -0.1251
8848227.0000         0.0000   9999999.0000        -0.1251
8848034.0000         0.0000   9999999.0000        -0.1251
8848017.0000         0.0000   9999999.0000        -0.1256
8849186.0000         0.0000   9999999.0000        -0.1256
8849142.0000         0.0000   9999999.0000        -0.1256
8848833.0000         0.0000   9999999.0000        -0.1256
8848935.0000         0.0000   9999999.0000        -0.1256
8848883.0000         0.0000   9999999.0000        -0.1256
8849076.0000         0.0000   9999999.0000        -0.1256
8848837.0000         0.0000   9999999.0000        -0.1256
8849062.0000         0.0000   9999999.0000        -0.1256
8848816.0000         0.0000   9999999.0000        -0.1256
8848932.0000         0.0000   9999999.0000        -0.1272
8849398.0000         0.0000   9999999.0000        -0.1272
8849552.0000         0.0000   9999999.0000        -0.1272
8849474.0000         0.0000   9999999.0000        -0.1272
8849621.0000         0.0000   9999999.0000        -0.1272
8849417.0000         0.0000   9999999.0000        -0.1272
8849601.0000         0.0000   9999999.0000        -0.1272
8849228.0000         0.0000   9999999.0000        -0.1272
8849225.0000         0.0000   9999999.0000        -0.1272
8849218.0000         0.0000   9999999.0000        -0.1272
8849462.0000         0.0000   9999999.0000        -0.1267
8849340.0000         0.0000   9999999.0000        -0.1267
8849495.0000         0.0000   9999999.0000        -0.1267
8849550.0000         0.0000   9999999.0000        -0.1267
8849622.0000         0.0000   9999999.0000        -0.1267
8849520.0000         0.0000   9999999.0000        -0.1267
8849463.0000         0.0000   9999999.0000        -0.1267
8849294.0000         0.0000   9999999.0000        -0.1267
8849285.0000         0.0000   9999999.0000        -0.1267
8849192.0000         0.0000   9999999.0000        -0.1267
8849334.0000         0.0000   9999999.0000        -0.1275
8848638.0000         0.0000   9999999.0000        -0.1275
8848674.0000         0.0000   9999999.0000        -0.1275
8848759.0000         0.0000   9999999.0000        -0.1275
8848691.0000         0.0000   9999999.0000        -0.1275
8848644.0000         0.0000   9999999.0000        -0.1275
8848549.0000         0.0000   9999999.0000        -0.1275
8848412.0000         0.0000   9999999.0000        -0.1275
8848170.0000         0.0000   9999999.0000        -0.1275
8848007.0000         0.0000   9999999.0000        -0.1275
8847882.0000         0.0000   9999999.0000        -0.1258
8846730.0000         0.0000   9999999.0000        -0.1258
8846451.0000         0.0000   9999999.0000        -0.1258
8846186.0000         0.0000   9999999.0000        -0.1258
8845906.0000         0.0000   9999999.0000        -0.1258
8845364.0000         0.0000   9999999.0000        -0.1258
8845033.0000         0.0000   9999999.0000        -0.1258
8844607.0000         0.0000   9999999.0000        -0.1258
8844558.0000         0.0000   9999999.0000        -0.1258
8844303.0000         0.0000   9999999.0000        -0.1258
8844374.0000         0.0000   9999999.0000        -0.1239
8842293.0000         0.0000   9999999.0000        -0.1239
8842473.0000         0.0000   9999999.0000        -0.1239
8842282.0000         0.0000   9999999.0000        -0.1239
8842378.0000         0.0000   9999999.0000        -0.1239
8842296.0000         0.0000   9999999.0000        -0.1239
8842417.0000         0.0000   9999999.0000        -0.1239
8842183.0000         0.0000   9999999.0000        -0.1239
8842237.0000         0.0000   9999999.0000        -0.1239
8842020.0000         0.0000   9999999.0000        -0.1239
8842118.0000         0.0000   9999999.0000        -0.1236
8839706.0000         0.0000   9999999.0000        -0.1236
8839555.0000         0.0000   9999999.0000        -0.1236
8838971.0000         0.0000   9999999.0000        -0.1236
8838679.0000         0.0000   9999999.0000        -0.1236
8838067.0000         0.0000   9999999.0000        -0.1236
8838183.0000         0.0000   9999999.0000        -0.1236
8837593.0000         0.0000   9999999.0000        -0.1236
8837802.0000         0.0000   9999999.0000        -0.1236
8837256.0000         0.0000   9999999.0000        -0.1236
8837484.0000         0.0000   9999999.0000        -0.1226
8834365.0000         0.0000   9999999.0000        -0.1226
8834540.0000         0.0000   9999999.0000        -0.1226
8833773.0000         0.0000   9999999.0000        -0.1226
8833748.0000         0.0000   9999999.0000        -0.1226
8833047.0000         0.0000   9999999.0000        -0.1226
8833310.0000         0.0000   9999999.0000        -0.1226
8832543.0000         0.0000   9999999.0000        -0.1226
8832898.0000         0.0000   9999999.0000        -0.1226
8832136.0000         0.0000   9999999.0000        -0.1226
8832452.0000         0.0000   9999999.0000        -0.1219
8829196.0000         0.0000   9999999.0000        -0.1219
8829238.0000         0.0000   9999999.0000        -0.1219
8828757.0000         0.0000   9999999.0000        -0.1219
8828753.0000         0.0000   9999999.0000        -0.1219
8828280.0000         0.0000   9999999.0000        -0.1219
8828447.0000         0.0000   9999999.0000        -0.1219
8828036.0000         0.0000   9999999.0000        -0.1219
8828447.0000         0.0000   9999999.0000        -0.1219
8828094.0000         0.0000   9999999.0000        -0.1219
8828234.0000         0.0000   9999999.0000        -0.1198
8825530.0000         0.0000   9999999.0000        -0.1198
8825669.0000         0.0000   9999999.0000        -0.1198
8825712.0000         0.0000   9999999.0000        -0.1198
8825789.0000         0.0000   9999999.0000        -0.1198
8825766.0000         0.0000   9999999.0000        -0.1198
8826044.0000         0.0000   9999999.0000        -0.1198
8826003.0000         0.0000   9999999.0000        -0.1198
8826001.0000         0.0000   9999999.0000        -0.1198
8826004.0000         0.0000   9999999.0000        -0.1198
8826107.0000         0.0000   9999999.0000        -0.1186
8823557.0000         0.0000   9999999.0000        -0.1186
8823613.0000         0.0000   9999999.0000        -0.1186
8823317.0000         0.0000   9999999.0000        -0.1186
8823695.0000         0.0000   9999999.0000        -0.1186
8823445.0000         0.0000   9999999.0000        -0.1186
8823635.0000         0.0000   9999999.0000        -0.1186
8823385.0000         0.0000   9999999.0000        -0.1186
8823531.0000         0.0000   9999999.0000        -0.1186
8823250.0000         0.0000   9999999.0000        -0.1186
8823325.0000         0.0000   9999999.0000        -0.1182
8820682.0000         0.0000   9999999.0000        -0.1182
8820859.0000         0.0000   9999999.0000        -0.1182
8820511.0000         0.0000   9999999.0000        -0.1182
8820701.0000         0.0000   9999999.0000        -0.1182
8820388.0000         0.0000   9999999.0000        -0.1182
8820641.0000         0.0000   9999999.0000        -0.1182
8820388.0000         0.0000   9999999.0000        -0.1182
8820599.0000         0.0000   9999999.0000        -0.1182
8820296.0000         0.0000   9999999.0000        -0.1182
8820485.0000         0.0000   9999999.0000        -0.1184
8818105.0000         0.0000   9999999.0000        -0.1184
8818143.0000         0.0000   9999999.0000        -0.1184
8817994.0000         0.0000   9999999.0000        -0.1184
8818073.0000         0.0000   9999999.0000        -0.1184
8818061.0000         0.0000   9999999.0000        -0.1184
8818056.0000         0.0000   9999999.0000        -0.1184
8817748.0000         0.0000   9999999.0000        -0.1184
8817690.0000         0.0000   9999999.0000        -0.1184
8817457.0000         0.0000   9999999.0000        -0.1184
8817361.0000         0.0000   9999999.0000        -0.1185
8815582.0000         0.0000   9999999.0000        -0.1185
8815689.0000         0.0000   9999999.0000        -0.1185
8815741.0000         0.0000   9999999.0000        -0.1185
8815863.0000         0.0000   9999999.0000        -0.1185
8815767.0000         0.0000   9999999.0000        -0.1185
8815734.0000         0.0000   9999999.0000        -0.1185
8815736.0000         0.0000   9999999.0000        -0.1185
8815639.0000         0.0000   9999999.0000        -0.1185
8815520.0000         0.0000   9999999.0000        -0.1185
8815444.0000         0.0000   9999999.0000        -0.1183
8814023.0000         0.0000   9999999.0000        -0.1183
8814077.0000         0.0000   9999999.0000        -0.1183
8813797.0000         0.0000   9999999.0000        -0.1183
8813833.0000         0.0000   9999999.0000        -0.1183
8813677.0000         0.0000   9999999.0000        -0.1183
8813739.0000         0.0000   9999999.0000        -0.1183
8813631.0000         0.0000   9999999.0000        -0.1183
8813682.0000         0.0000   9999999.0000        -0.1183
8813600.0000         0.0000   9999999.0000        -0.1183
8813680.0000         0.0000   9999999.0000        -0.1193
8812793.0000         0.0000   9999999.0000        -0.1193
8812951.0000         0.0000   9999999.0000        -0.1193
8812746.0000         0.0000   9999999.0000        -0.1193
8812590.0000         0.0000   9999999.0000        -0.1193
8812246.0000         0.0000   9999999.0000        -0.1193
8812142.0000         0.0000   9999999.0000        -0.1193
8812063.0000         0.0000   9999999.0000        -0.1193
8811995.0000         0.0000   9999999.0000        -0.1193
8811978.0000         0.0000   9999999.0000        -0.1193
8811761.0000         0.0000   9999999.0000        -0.1196
8811472.0000         0.0000   9999999.0000        -0.1196
8811285.0000         0.0000   9999999.0000        -0.1196
8811251.0000         0.0000   9999999.0000        -0.1196
8811017.0000         0.0000   9999999.0000        -0.1196
8811163.0000         0.0000   9999999.0000        -0.1196
8810938.0000         0.0000   9999999.0000        -0.1196
8811060.0000         0.0000   9999999.0000        -0.1196
8810886.0000         0.0000   9999999.0000        -0.1196
8811048.0000         0.0000   9999999.0000        -0.1196
8810871.0000         0.0000   9999999.0000        -0.1199
8811300.0000         0.0000   9999999.0000        -0.1199
8811157.0000         0.0000   9999999.0000        -0.1199
8811328.0000         0.0000   9999999.0000        -0.1199
8811113.0000         0.0000   9999999.0000        -0.1199
8811281.0000         0.0000   9999999.0000        -0.1199
8811104.0000         0.0000   9999999.0000        -0.1199
8811179.0000         0.0000   9999999.0000        -0.1199
8811124.0000         0.0000   9999999.0000        -0.1199
8811222.0000         0.0000   9999999.0000        -0.1199
8811174.0000         0.0000   9999999.0000        -0.1197
8812020.0000         0.0000   9999999.0000        -0.1197
8812030.0000         0.0000   9999999.0000        -0.1197
8811971.0000         0.0000   9999999.0000        -0.1197
8811999.0000         0.0000   9999999.0000        -0.1197
8812131.0000         0.0000   9999999.0000        -0.1197
8812185.0000         0.0000   9999999.0000        -0.1197
8812173.0000         0.0000   9999999.0000        -0.1197
8812111.0000         0.0000   9999999.0000        -0.1197
8812080.0000         0.0000   9999999.0000        -0.1197
8811853.0000         0.0000   9999999.0000        -0.1189
8813320.0000         0.0000   9999999.0000        -0.1189
8813001.0000         0.0000   9999999.0000        -0.1189
8813226.0000         0.0000   9999999.0000        -0.1189
8812948.0000         0.0000   9999999.0000        -0.1189
8813145.0000         0.0000   9999999.0000        -0.1189
8812885.0000         0.0000   9999999.0000        -0.1189
8812825.0000         0.0000   9999999.0000        -0.1189
8812416.0000         0.0000   9999999.0000        -0.1189
8812461.0000         0.0000   9999999.0000        -0.1189
8812092.0000         0.0000   9999999.0000        -0.1184
8813949.0000         0.0000   9999999.0000        -0.1184
8813573.0000         0.0000   9999999.0000        -0.1184
8813736.0000         0.0000   9999999.0000        -0.1184
8813730.0000         0.0000   9999999.0000        -0.1184
8813864.0000         0.0000   9999999.0000        -0.1184
8813887.0000         0.0000   9999999.0000        -0.1184
8813841.0000         0.0000   9999999.0000        -0.1184
8813831.0000         0.0000   9999999.0000        -0.1184
8813881.0000         0.0000   9999999.0000        -0.1184
8813748.0000         0.0000   9999999.0000        -0.1167
8815648.0000         0.0000   9999999.0000        -0.1167
8815412.0000         0.0000   9999999.0000        -0.1167
8815533.0000         0.0000   9999999.0000        -0.1167
8815414.0000         0.0000   9999999.0000        -0.1167
8815552.0000         0.0000   9999999.0000        -0.1167
8815429.0000         0.0000   9999999.0000        -0.1167
8815482.0000         0.0000   9999999.0000        -0.1167
8815481.0000         0.0000   9999999.0000        -0.1167
8815355.0000         0.0000   9999999.0000        -0.1167
8815398.0000         0.0000   9999999.0000        -0.1170
8817438.0000         0.0000   9999999.0000        -0.1170
8817436.0000         0.0000   9999999.0000        -0.1170
8817478.0000         0.0000   9999999.0000        -0.1170
8817341.0000         0.0000   9999999.0000        -0.1170
8817496.0000         0.0000   9999999.0000        -0.1170
8817204.0000         0.0000   9999999.0000        -0.1170
8817322.0000         0.0000   9999999.0000        -0.1170
8817172.0000         0.0000   9999999.0000        -0.1170
8817040.0000         0.0000   9999999.0000        -0.1170
8817083.0000         0.0000   9999999.0000        -0.1162
8819321.0000         0.0000   9999999.0000        -0.1162
8819404.0000         0.0000   9999999.0000        -0.1162
8819602.0000         0.0000   9999999.0000        -0.1162
8819794.0000         0.0000   9999999.0000        -0.1162
8819730.0000         0.0000   9999999.0000        -0.1162
8819849.0000         0.0000   9999999.0000        -0.1162
8819740.0000         0.0000   9999999.0000        -0.1162
8819953.0000         0.0000   9999999.0000        -0.1162
8819796.0000         0.0000   9999999.0000        -0.1162
8819986.0000         0.0000   9999999.0000        -0.1166
8821910.0000         0.0000   9999999.0000        -0.1166
8821938.0000         0.0000   9999999.0000        -0.1166
8821993.0000         0.0000   9999999.0000        -0.1166
8821962.0000         0.0000   9999999.0000        -0.1166
8821998.0000         0.0000   9999999.0000        -0.1166
8821896.0000         0.0000   9999999.0000        -0.1166
8821929.0000         0.0000   9999999.0000        -0.1166
8821940.0000         0.0000   9999999.0000        -0.1166
8821900.0000         0.0000   9999999.0000        -0.1166
8821915.0000         0.0000   9999999.0000        -0.1169
8823866.0000         0.0000   9999999.0000        -0.1169
8823850.0000         0.0000   9999999.0000        -0.1169
8823796.0000         0.0000   9999999.0000        -0.1169
8823765.0000         0.0000   9999999.0000        -0.1169
8823817.0000         0.0000   9999999.0000        -0.1169
8823722.0000         0.0000   9999999.0000        -0.1169
8823508.0000         0.0000   9999999.0000        -0.1169
8823364.0000         0.0000   9999999.0000        -0.1169
8823053.0000         0.0000   9999999.0000        -0.1169
8822915.0000         0.0000   9999999.0000        -0.1165
8824731.0000         0.0000   9999999.0000        -0.1165
8824620.0000         0.0000   9999999.0000        -0.1165
8824721.0000         0.0000   9999999.0000        -0.1165
8824700.0000         0.0000   9999999.0000        -0.1165
8824663.0000         0.0000   9999999.0000        -0.1165
8824389.0000         0.0000   9999999.0000        -0.1165
8824522.0000         0.0000   9999999.0000        -0.1165
8824700.0000         0.0000   9999999.0000        -0.1165
8824697.0000         0.0000   9999999.0000        -0.1165
8824707.0000         0.0000   9999999.0000        -0.1156
8826242.0000         0.0000   9999999.0000        -0.1156
8826205.0000         0.0000   9999999.0000        -0.1156
8826171.0000         0.0000   9999999.0000        -0.1156
8826207.0000         0.0000   9999999.0000        -0.1156
8826115.0000         0.0000   9999999.0000        -0.1156
8826143.0000         0.0000   9999999.0000        -0.1156
8826206.0000         0.0000   9999999.0000        -0.1156
8826125.0000         0.0000   9999999.0000        -0.1156
8826112.0000         0.0000   9999999.0000        -0.1156
8826164.0000         0.0000   9999999.0000        -0.1153
8827600.0000         0.0000   9999999.0000        -0.1153
8827611.0000         0.0000   9999999.0000        -0.1153
8827390.0000         0.0000   9999999.0000        -0.1153
8827407.0000         0.0000   9999999.0000        -0.1153
8827179.0000         0.0000   9999999.0000        -0.1153
8827042.0000         0.0000   9999999.0000        -0.1153
8826748.0000         0.0000   9999999.0000        -0.1153
8826789.0000         0.0000   9999999.0000        -0.1153
8826507.0000         0.0000   9999999.0000        -0.1153
8826399.0000         0.0000   9999999.0000        -0.1152
8827404.0000         0.0000   9999999.0000        -0.1152
8827419.0000         0.0000   9999999.0000        -0.1152
8827312.0000         0.0000   9999999.0000        -0.1152
8827326.0000         0.0000   9999999.0000        -0.1152
8827311.0000         0.0000   9999999.0000        -0.1152
8827298.0000         0.0000   9999999.0000        -0.1152
8827343.0000         0.0000   9999999.0000        -0.1152
8827092.0000         0.0000   9999999.0000        -0.1152
8827260.0000         0.0000   9999999.0000        -0.1152
8826857.0000         0.0000   9999999.0000        -0.1138
8827943.0000         0.0000   9999999.0000        -0.1138
8827636.0000         0.0000   9999999.0000        -0.1138
8827572.0000         0.0000   9999999.0000        -0.1138
8827487.0000         0.0000   9999999.0000        -0.1138
8827459.0000         0.0000   9999999.0000        -0.1138
8827324.0000         0.0000   9999999.0000        -0.1138
8827281.0000         0.0000   9999999.0000        -0.1138
8827035.0000         0.0000   9999999.0000        -0.1138
8827048.0000         0.0000   9999999.0000        -0.1138
8826901.0000         0.0000   9999999.0000        -0.1138
8827555.0000         0.0000   9999999.0000        -0.1138
8827396.0000         0.0000   9999999.0000        -0.1138
8827439.0000         0.0000   9999999.0000        -0.1138
8827248.0000         0.0000   9999999.0000        -0.1138
8827124.0000         0.0000   9999999.0000        -0.1138
8826966.0000         0.0000   9999999.0000        -0.1138
8827078.0000         0.0000   9999999.0000        -0.1138
8826816.0000         0.0000   9999999.0000        -0.1138
8826922.0000         0.0000   9999999.0000        -0.1138
8826685.0000         0.0000   9999999.0000        -0.1131
8827256.0000         0.0000   9999999.0000        -0.1131
8827023.0000         0.0000   9999999.0000        -0.1131
8827338.0000         0.0000   9999999.0000        -0.1131
8827004.0000         0.0000   9999999.0000        -0.1131
8827410.0000         0.0000   9999999.0000        -0.1131
8827023.0000         0.0000   9999999.0000        -0.1131
8827272.0000         0.0000   9999999.0000        -0.1131
8826955.0000         0.0000   9999999.0000        -0.1131
8827222.0000         0.0000   9999999.0000        -0.1131
8826819.0000         0.0000   9999999.0000        -0.1120
8827153.0000         0.0000   9999999.0000        -0.1120
8826889.0000         0.0000   9999999.0000        -0.1120
8827132.0000         0.0000   9999999.0000        -0.1120
8826839.0000         0.0000   9999999.0000        -0.1120
8826971.0000         0.0000   9999999.0000        -0.1120
8826761.0000         0.0000   9999999.0000        -0.1120
8826908.0000         0.0000   9999999.0000        -0.1120
8826770.0000         0.0000   9999999.0000        -0.1120
8826756.0000         0.0000   9999999.0000        -0.1120
8826585.0000         0.0000   9999999.0000        -0.1118
8826439.0000         0.0000   9999999.0000        -0.1118
8826279.0000         0.0000   9999999.0000        -0.1118
8826339.0000         0.0000   9999999.0000        -0.1118
8826250.0000         0.0000   9999999.0000        -0.1118
8826235.0000         0.0000   9999999.0000        -0.1118
8826178.0000         0.0000   9999999.0000        -0.1118
8826226.0000         0.0000   9999999.0000        -0.1118
8826568.0000         0.0000   9999999.0000        -0.1118
8826644.0000         0.0000   9999999.0000        -0.1118
8826531.0000         0.0000   9999999.0000        -0.1118
8826226.0000         0.0000   9999999.0000        -0.1118
8826191.0000         0.0000   9999999.0000        -0.1118
8826599.0000         0.0000   9999999.0000        -0.1118
8826293.0000         0.0000   9999999.0000        -0.1118
8826670.0000         0.0000   9999999.0000        -0.1118
8826511.0000         0.0000   9999999.0000        -0.1118
8826886.0000         0.0000   9999999.0000        -0.1118
8827170.0000         0.0000   9999999.0000        -0.1118
8827227.0000         0.0000   9999999.0000        -0.1118
8827402.0000         0.0000   9999999.0000        -0.1106
8826493.0000         0.0000   9999999.0000        -0.1106
8826729.0000         0.0000   9999999.0000        -0.1106
8826496.0000         0.0000   9999999.0000        -0.1106
8826740.0000         0.0000   9999999.0000        -0.1106
8826662.0000         0.0000   9999999.0000        -0.1106
8826779.0000         0.0000   9999999.0000        -0.1106
8826698.0000         0.0000   9999999.0000        -0.1106
8826884.0000         0.0000   9999999.0000        -0.1106
8826657.0000         0.0000   9999999.0000        -0.1106
8826910.0000         0.0000   9999999.0000        -0.1109
8825949.0000         0.0000   9999999.0000        -0.1109
8826166.0000         0.0000   9999999.0000        -0.1109
8825934.0000         0.0000   9999999.0000        -0.1109
8826103.0000         0.0000   9999999.0000        -0.1109
8825897.0000         0.0000   9999999.0000        -0.1109
8826100.0000         0.0000   9999999.0000        -0.1109
8825814.0000         0.0000   9999999.0000        -0.1109
8826005.0000         0.0000   9999999.0000        -0.1109
8825786.0000         0.0000   9999999.0000        -0.1109
8826010.0000         0.0000   9999999.0000        -0.1102
8824939.0000         0.0000   9999999.0000        -0.1102
8825246.0000         0.0000   9999999.0000        -0.1102
8825081.0000         0.0000   9999999.0000        -0.1102
8825396.0000         0.0000   9999999.0000        -0.1102
8825101.0000         0.0000   9999999.0000        -0.1102
8825349.0000         0.0000   9999999.0000        -0.1102
8825028.0000         0.0000   9999999.0000        -0.1102
8825267.0000         0.0000   9999999.0000        -0.1102
8825112.0000         0.0000   9999999.0000        -0.1102
8825031.0000         0.0000   9999999.0000        -0.1095
8824338.0000         0.0000   9999999.0000        -0.1095
8824071.0000         0.0000   9999999.0000        -0.1095
8824038.0000         0.0000   9999999.0000        -0.1095
8823888.0000         0.0000   9999999.0000        -0.1095
8823945.0000         0.0000   9999999.0000        -0.1095
8823760.0000         0.0000   9999999.0000        -0.1095
8823864.0000         0.0000   9999999.0000        -0.1095
8823802.0000         0.0000   9999999.0000        -0.1095
8823789.0000         0.0000   9999999.0000        -0.1095
8823690.0000         0.0000   9999999.0000        -0.1090
8823095.0000         0.0000   9999999.0000        -0.1090
8822923.0000         0.0000   9999999.0000        -0.1090
8822905.0000         0.0000   9999999.0000        -0.1090
8822533.0000         0.0000   9999999.0000        -0.1090
8822620.0000         0.0000   9999999.0000        -0.1090
8822265.0000         0.0000   9999999.0000        -0.1090
8822400.0000         0.0000   9999999.0000        -0.1090
8822107.0000         0.0000   9999999.0000        -0.1090
8822394.0000         0.0000   9999999.0000        -0.1090
8822118.0000         0.0000   9999999.0000        -0.1084
8821893.0000         0.0000   9999999.0000        -0.1084
8821735.0000         0.0000   9999999.0000        -0.1084
8821869.0000         0.0000   9999999.0000        -0.1084
8821859.0000         0.0000   9999999.0000        -0.1084
8822007.0000         0.0000   9999999.0000        -0.1084
8821957.0000         0.0000   9999999.0000        -0.1084
8822401.0000         0.0000   9999999.0000        -0.1084
8822491.0000         0.0000   9999999.0000        -0.1084
8822811.0000         0.0000   9999999.0000        -0.1084
8822817.0000         0.0000   9999999.0000        -0.1084
8822632.0000         0.0000   9999999.0000        -0.1084
8822605.0000         0.0000   9999999.0000        -0.1084
8822662.0000         0.0000   9999999.0000        -0.1084
8822493.0000         0.0000   9999999.0000        -0.1084
8822454.0000         0.0000   9999999.0000        -0.1084
8822447.0000         0.0000   9999999.0000        -0.1084
8822507.0000         0.0000   9999999.0000        -0.1084
8822494.0000         0.0000   9999999.0000        -0.1084
8822640.0000         0.0000   9999999.0000        -0.1084
8822603.0000         0.0000   9999999.0000        -0.1083
8822357.0000         0.0000   9999999.0000        -0.1083
8822296.0000         0.0000   9999999.0000        -0.1083
8822336.0000         0.0000   9999999.0000        -0.1083
8822226.0000         0.0000   9999999.0000        -0.1083
8822211.0000         0.0000   9999999.0000        -0.1083
8822092.0000         0.0000   9999999.0000        -0.1083
8822020.0000         0.0000   9999999.0000        -0.1083
8821981.0000         0.0000   9999999.0000        -0.1083
8821872.0000         0.0000   9999999.0000        -0.1083
8821800.0000         0.0000   9999999.0000        -0.1083
8821513.0000         0.0000   9999999.0000        -0.1083
8821210.0000         0.0000   9999999.0000        -0.1083
8821069.0000         0.0000   9999999.0000        -0.1083
8820912.0000         0.0000   9999999.0000        -0.1083
8820925.0000         0.0000   9999999.0000        -0.1083
8820842.0000         0.0000   9999999.0000        -0.1083
8820873.0000         0.0000   9999999.0000        -0.1083
8820862.0000         0.0000   9999999.0000        -0.1083
8820852.0000         0.0000   9999999.0000        -0.1083
8820905.0000         0.0000   9999999.0000        -0.1084
8820675.0000         0.0000   9999999.0000        -0.1084
8820461.0000         0.0000   9999999.0000        -0.1084
8820317.0000         0.0000   9999999.0000        -0.1084
8820255.0000         0.0000   9999999.0000        -0.1084
8820400.0000         0.0000   9999999.0000        -0.1084
8820366.0000         0.0000   9999999.0000        -0.1084
8820480.0000         0.0000   9999999.0000        -0.1084
8820145.0000         0.0000   9999999.0000        -0.1084
8820279.0000         0.0000   9999999.0000        -0.1084
8820059.0000         0.0000   9999999.0000        -0.1080
8820003.0000         0.0000   9999999.0000        -0.1080
8819785.0000         0.0000   9999999.0000        -0.1080
8819850.0000         0.0000   9999999.0000        -0.1080
8819700.0000         0.0000   9999999.0000        -0.1080
8819722.0000         0.0000   9999999.0000        -0.1080
8819487.0000         0.0000   9999999.0000        -0.1080
8819441.0000         0.0000   9999999.0000        -0.1080
8819120.0000         0.0000   9999999.0000        -0.1080
8819120.0000         0.0000   9999999.0000        -0.1080
8818853.0000         0.0000   9999999.0000        -0.1079
8818809.0000         0.0000   9999999.0000        -0.1079
8818653.0000         0.0000   9999999.0000        -0.1079
8818720.0000         0.0000   9999999.0000        -0.1079
8818682.0000         0.0000   9999999.0000        -0.1079
8818730.0000         0.0000   9999999.0000        -0.1079
8818644.0000         0.0000   9999999.0000        -0.1079
8818538.0000         0.0000   9999999.0000        -0.1079
8818487.0000         0.0000   9999999.0000        -0.1079
8818363.0000         0.0000   9999999.0000        -0.1079
8818289.0000         0.0000   9999999.0000        -0.1072
8818315.0000         0.0000   9999999.0000        -0.1072
8818213.0000         0.0000   9999999.0000        -0.1072
8818131.0000         0.0000   9999999.0000        -0.1072
8818095.0000         0.0000   9999999.0000        -0.1072
8818265.0000         0.0000   9999999.0000        -0.1072
8818398.0000         0.0000   9999999.0000        -0.1072
8818551.0000         0.0000   9999999.0000        -0.1072
8818388.0000         0.0000   9999999.0000        -0.1072
8818460.0000         0.0000   9999999.0000        -0.1072
8818320.0000         0.0000   9999999.0000        -0.1056
8818516.0000         0.0000   9999999.0000        -0.1056
8818467.0000         0.0000   9999999.0000        -0.1056
8818401.0000         0.0000   9999999.0000        -0.1056
8818491.0000         0.0000   9999999.0000        -0.1056
8818344.0000         0.0000   9999999.0000        -0.1056
8818647.0000         0.0000   9999999.0000        -0.1056
8818346.0000         0.0000   9999999.0000        -0.1056
8818655.0000         0.0000   9999999.0000        -0.1056
8818391.0000         0.0000   9999999.0000        -0.1056
8818588.0000         0.0000   9999999.0000        -0.1049
8818412.0000         0.0000   9999999.0000        -0.1049
8818666.0000         0.0000   9999999.0000        -0.1049
8818425.0000         0.0000   9999999.0000        -0.1049
8818779.0000         0.0000   9999999.0000        -0.1049
8818580.0000         0.0000   9999999.0000        -0.1049
8819073.0000         0.0000   9999999.0000        -0.1049
8818722.0000         0.0000   9999999.0000        -0.1049
8819004.0000         0.0000   9999999.0000        -0.1049
8818720.0000         0.0000   9999999.0000        -0.1049
8818826.0000         0.0000   9999999.0000        -0.1048
8818668.0000         0.0000   9999999.0000        -0.1048
8818817.0000         0.0000   9999999.0000        -0.1048
8818662.0000         0.0000   9999999.0000        -0.1048
8818826.0000         0.0000   9999999.0000        -0.1048
8818643.0000         0.0000   9999999.0000        -0.1048
8818801.0000         0.0000   9999999.0000        -0.1048
8818662.0000         0.0000   9999999.0000        -0.1048
8818722.0000         0.0000   9999999.0000        -0.1048
8818643.0000         0.0000   9999999.0000        -0.1048
8818687.0000         0.0000   9999999.0000        -0.1048
8818758.0000         0.0000   9999999.0000        -0.1048
8818900.0000         0.0000   9999999.0000        -0.1048
8818792.0000         0.0000   9999999.0000        -0.1048
8818766.0000         0.0000   9999999.0000        -0.1048
8818728.0000         0.0000   9999999.0000        -0.1048
8818723.0000         0.0000   9999999.0000        -0.1048
8818674.0000         0.0000   9999999.0000        -0.1048
8818648.0000         0.0000   9999999.0000        -0.1048
8818627.0000         0.0000   9999999.0000        -0.1048
8818659.0000         0.0000   9999999.0000        -0.1051
8818780.0000         0.0000   9999999.0000        -0.1051
8818827.0000         0.0000   9999999.0000        -0.1051
8818763.0000         0.0000   9999999.0000        -0.1051
8818777.0000         0.0000   9999999.0000        -0.1051
8818900.0000         0.0000   9999999.0000        -0.1051
8818905.0000         0.0000   9999999.0000        -0.1051
8819146.0000         0.0000   9999999.0000        -0.1051
8819252.0000         0.0000   9999999.0000        -0.1051
8819359.0000         0.0000   9999999.0000        -0.1051
8819409.0000         0.0000   9999999.0000        -0.1046
8819826.0000         0.0000   9999999.0000        -0.1046
8819808.0000         0.0000   9999999.0000        -0.1046
8819760.0000         0.0000   9999999.0000        -0.1046
8819870.0000         0.0000   9999999.0000        -0.1046
8819812.0000         0.0000   9999999.0000        -0.1046
8819914.0000         0.0000   9999999.0000        -0.1046
8819782.0000         0.0000   9999999.0000        -0.1046
8819993.0000         0.0000   9999999.0000        -0.1046
8819706.0000         0.0000   9999999.0000        -0.1046
8819879.0000         0.0000   9999999.0000        -0.1044
8819937.0000         0.0000   9999999.0000        -0.1044
8820138.0000         0.0000   9999999.0000        -0.1044
8819862.0000         0.0000   9999999.0000        -0.1044
8820156.0000         0.0000   9999999.0000        -0.1044
8819953.0000         0.0000   9999999.0000        -0.1044
8820176.0000         0.0000   9999999.0000        -0.1044
8820146.0000         0.0000   9999999.0000        -0.1044
8820383.0000         0.0000   9999999.0000        -0.1044
8820201.0000         0.0000   9999999.0000        -0.1044
8820354.0000         0.0000   9999999.0000        -0.1042
8820520.0000         0.0000   9999999.0000        -0.1042
8820366.0000         0.0000   9999999.0000        -0.1042
8820201.0000         0.0000   9999999.0000        -0.1042
8820249.0000         0.0000   9999999.0000        -0.1042
8819959.0000         0.0000   9999999.0000        -0.1042
8820055.0000         0.0000   9999999.0000        -0.1042
8819964.0000         0.0000   9999999.0000        -0.1042
8820123.0000         0.0000   9999999.0000        -0.1042
8820060.0000         0.0000   9999999.0000        -0.1042
8820476.0000         0.0000   9999999.0000        -0.1040
8820256.0000         0.0000   9999999.0000        -0.1040
8820606.0000         0.0000   9999999.0000        -0.1040
8820041.0000         0.0000   9999999.0000        -0.1040
8820392.0000         0.0000   9999999.0000        -0.1040
8819872.0000         0.0000   9999999.0000        -0.1040
8820161.0000         0.0000   9999999.0000        -0.1040
8819645.0000         0.0000   9999999.0000        -0.1040
8820026.0000         0.0000   9999999.0000        -0.1040
8819575.0000         0.0000   9999999.0000        -0.1040
8819737.0000         0.0000   9999999.0000        -0.1038
8819174.0000         0.0000   9999999.0000        -0.1038
8819316.0000         0.0000   9999999.0000        -0.1038
8818857.0000         0.0000   9999999.0000        -0.1038
8819234.0000         0.0000   9999999.0000        -0.1038
8818797.0000         0.0000   9999999.0000        -0.1038
8819075.0000         0.0000   9999999.0000        -0.1038
8818597.0000         0.0000   9999999.0000        -0.1038
8818861.0000         0.0000   9999999.0000        -0.1038
8818440.0000         0.0000   9999999.0000        -0.1038
8818837.0000         0.0000   9999999.0000        -0.1029
8817943.0000         0.0000   9999999.0000        -0.1029
8818185.0000         0.0000   9999999.0000        -0.1029
8817712.0000         0.0000   9999999.0000        -0.1029
8817894.0000         0.0000   9999999.0000        -0.1029
8817520.0000         0.0000   9999999.0000        -0.1029
8817823.0000         0.0000   9999999.0000        -0.1029
8817431.0000         0.0000   9999999.0000        -0.1029
8817769.0000         0.0000   9999999.0000        -0.1029
8817428.0000         0.0000   9999999.0000        -0.1029
8817773.0000         0.0000   9999999.0000        -0.1022
8816784.0000         0.0000   9999999.0000        -0.1022
8816931.0000         0.0000   9999999.0000        -0.1022
8816713.0000         0.0000   9999999.0000        -0.1022
8816962.0000         0.0000   9999999.0000        -0.1022
8816836.0000         0.0000   9999999.0000        -0.1022
8816949.0000         0.0000   9999999.0000        -0.1022
8816893.0000         0.0000   9999999.0000        -0.1022
8817177.0000         0.0000   9999999.0000        -0.1022
8817033.0000         0.0000   9999999.0000        -0.1022
8817336.0000         0.0000   9999999.0000        -0.1021
8816191.0000         0.0000   9999999.0000        -0.1021
8816351.0000         0.0000   9999999.0000        -0.1021
8816188.0000         0.0000   9999999.0000        -0.1021
8816213.0000         0.0000   9999999.0000        -0.1021
8816183.0000         0.0000   9999999.0000        -0.1021
8816337.0000         0.0000   9999999.0000        -0.1021
8816242.0000         0.0000   9999999.0000        -0.1021
8816332.0000         0.0000   9999999.0000        -0.1021
8816302.0000         0.0000   9999999.0000        -0.1021
8816413.0000         0.0000   9999999.0000        -0.1020
8815167.0000         0.0000   9999999.0000        -0.1020
8815231.0000         0.0000   9999999.0000        -0.1020
8815050.0000         0.0000   9999999.0000        -0.1020
8815164.0000         0.0000   9999999.0000        -0.1020
8814957.0000         0.0000   9999999.0000        -0.1020
8815021.0000         0.0000   9999999.0000        -0.1020
8814901.0000         0.0000   9999999.0000        -0.1020
8814965.0000         0.0000   9999999.0000        -0.1020
8814804.0000         0.0000   9999999.0000        -0.1020
8814934.0000         0.0000   9999999.0000        -0.1019
8813670.0000         0.0000   9999999.0000        -0.1019
8813659.0000         0.0000   9999999.0000        -0.1019
8813612.0000         0.0000   9999999.0000        -0.1019
8813710.0000         0.0000   9999999.0000        -0.1019
8813443.0000         0.0000   9999999.0000        -0.1019
8813395.0000         0.0000   9999999.0000        -0.1019
8813286.0000         0.0000   9999999.0000        -0.1019
8813350.0000         0.0000   9999999.0000        -0.1019
8813245.0000         0.0000   9999999.0000        -0.1019
8813282.0000         0.0000   9999999.0000        -0.1020
8812196.0000         0.0000   9999999.0000        -0.1020
8812213.0000         0.0000   9999999.0000        -0.1020
8812205.0000         0.0000   9999999.0000        -0.1020
8812283.0000         0.0000   9999999.0000        -0.1020
8812263.0000         0.0000   9999999.0000        -0.1020
8812322.0000         0.0000   9999999.0000        -0.1020
8812299.0000         0.0000   9999999.0000        -0.1020
8812188.0000         0.0000   9999999.0000        -0.1020
8812198.0000         0.0000   9999999.0000        -0.1020
8812182.0000         0.0000   9999999.0000        -0.1018
8811216.0000         0.0000   9999999.0000        -0.1018
8811081.0000         0.0000   9999999.0000        -0.1018
8811087.0000         0.0000   9999999.0000        -0.1018
8811159.0000         0.0000   9999999.0000        -0.1018
8810902.0000         0.0000   9999999.0000        -0.1018
8810915.0000         0.0000   9999999.0000        -0.1018
8810771.0000         0.0000   9999999.0000        -0.1018
8810810.0000         0.0000   9999999.0000        -0.1018
8810701.0000         0.0000   9999999.0000        -0.1018
8810684.0000         0.0000   9999999.0000        -0.1010
8809950.0000         0.0000   9999999.0000        -0.1010
8809824.0000         0.0000   9999999.0000        -0.1010
8809683.0000         0.0000   9999999.0000        -0.1010
8809586.0000         0.0000   9999999.0000        -0.1010
8809534.0000         0.0000   9999999.0000        -0.1010
8809371.0000         0.0000   9999999.0000        -0.1010
8809379.0000         0.0000   9999999.0000        -0.1010
8809385.0000         0.0000   9999999.0000        -0.1010
8809371.0000         0.0000   9999999.0000        -0.1010
8809203.0000         0.0000   9999999.0000        -0.1006
8808607.0000         0.0000   9999999.0000        -0.1006
8808568.0000         0.0000   9999999.0000        -0.1006
8808555.0000         0.0000   9999999.0000        -0.1006
8808619.0000         0.0000   9999999.0000        -0.1006
8808529.0000         0.0000   9999999.0000        -0.1006
8808411.0000         0.0000   9999999.0000        -0.1006
8808441.0000         0.0000   9999999.0000        -0.1006
8808525.0000         0.0000   9999999.0000        -0.1006
8808641.0000         0.0000   9999999.0000        -0.1006
8808534.0000         0.0000   9999999.0000        -0.1002
8807915.0000         0.0000   9999999.0000        -0.1002
8807840.0000         0.0000   9999999.0000        -0.1002
8807665.0000         0.0000   9999999.0000        -0.1002
8807676.0000         0.0000   9999999.0000        -0.1002
8807509.0000         0.0000   9999999.0000        -0.1002
8807536.0000         0.0000   9999999.0000        -0.1002
8807347.0000         0.0000   9999999.0000        -0.1002
8807286.0000         0.0000   9999999.0000        -0.1002
8807089.0000         0.0000   9999999.0000        -0.1002
8807113.0000         0.0000   9999999.0000        -0.1000
8806427.0000         0.0000   9999999.0000        -0.1000
8806519.0000         0.0000   9999999.0000        -0.1000
8806174.0000         0.0000   9999999.0000        -0.1000
8806279.0000         0.0000   9999999.0000        -0.1000
8806096.0000         0.0000   9999999.0000        -0.1000
8806332.0000         0.0000   9999999.0000        -0.1000
8806183.0000         0.0000   9999999.0000        -0.1000
8806385.0000         0.0000   9999999.0000        -0.1000
8806204.0000         0.0000   9999999.0000        -0.1000
8806428.0000         0.0000   9999999.0000        -0.0984
8806103.0000         0.0000   9999999.0000        -0.0984
8806262.0000         0.0000   9999999.0000        -0.0984
8806290.0000         0.0000   9999999.0000        -0.0984
8806418.0000         0.0000   9999999.0000        -0.0984
8806291.0000         0.0000   9999999.0000        -0.0984
8806413.0000         0.0000   9999999.0000        -0.0984
8806169.0000         0.0000   9999999.0000        -0.0984
8806397.0000         0.0000   9999999.0000        -0.0984
8806209.0000         0.0000   9999999.0000        -0.0984
8806359.0000         0.0000   9999999.0000        -0.0985
8805680.0000         0.0000   9999999.0000        -0.0985
8805891.0000         0.0000   9999999.0000        -0.0985
8805876.0000         0.0000   9999999.0000        -0.0985
8805997.0000         0.0000   9999999.0000        -0.0985
8805727.0000         0.0000   9999999.0000        -0.0985
8806034.0000         0.0000   9999999.0000        -0.0985
8805686.0000         0.0000   9999999.0000        -0.0985
8806023.0000         0.0000   9999999.0000        -0.0985
8805628.0000         0.0000   9999999.0000        -0.0985
8805928.0000         0.0000   9999999.0000        -0.0984
8805163.0000         0.0000   9999999.0000        -0.0984
8805759.0000         0.0000   9999999.0000        -0.0984
8805547.0000         0.0000   9999999.0000        -0.0984
8805672.0000         0.0000   9999999.0000        -0.0984
8805571.0000         0.0000   9999999.0000        -0.0984
8805738.0000         0.0000   9999999.0000        -0.0984
8805578.0000         0.0000   9999999.0000        -0.0984
8805858.0000         0.0000   9999999.0000        -0.0984
8805654.0000         0.0000   9999999.0000        -0.0984
8805983.0000         0.0000   9999999.0000        -0.0977
8805526.0000         0.0000   9999999.0000        -0.0977
